1
pCubeShape1
775
2220
-1.71789 -0.5 1.71789 -0.361008 0 0.932563 0.932563 0 0.361008 0 1 0 0.699363 0.600032
-1.15503 -0.5 1.93579 -0.361008 0 0.932563 0.932563 0 0.361008 0 1 0 0.744936 0.600032
-1.15503 0.438327 1.93579 -0.361008 0 0.932563 0.932563 0 0.361008 0 1 0 0.744936 0.673743
-1.71789 0.438327 1.71789 -0.361008 0 0.932563 0.932563 0 0.361008 0 1 0 0.698911 0.673743
-1.5 4.03995 1.5 0 1 0 0 0 -1 -1 0 0 0.14474 0.37601
-1.15503 4.03995 1.5 0 1 0 0 0 -1 -1 0 0 0.14474 0.34891
-1.15503 4.03995 1.20911 0 1 0 0 0 -1 -1 0 0 0.167592 0.34891
-1.5 4.03995 1.20911 0 1 0 0 0 -1 -1 0 0 0.167592 0.37601
-1.71789 0.438327 -1.71789 -0.361008 0 -0.932563 -0.932563 3.77133e-006 0.361008 3.517e-006 1 -1.36148e-006 0.456612 0.672554
-1.15503 0.438327 -1.93579 -0.361008 0 -0.932563 -0.932563 1.25711e-006 0.361008 1.17233e-006 1 -4.53827e-007 0.412395 0.672554
-1.15503 -0.5 -1.93579 -0.361008 0 -0.932563 -0.932563 -1.2571e-006 0.361008 -1.17233e-006 1 4.53825e-007 0.412395 0.598843
-1.71789 -0.5 -1.71789 -0.361008 0 -0.932563 -0.932563 1.25711e-006 0.361008 1.17233e-006 1 -4.53827e-007 0.456612 0.598843
-1.5 -0.5 1.20911 0 -1 0 1 0 0 0 0 1 0.0354366 0.116633
-1.15503 -0.5 1.20911 0 -1 0 1 0 0 0 0 1 0.0474625 0.116633
-1.15503 -0.5 1.5 0 -1 0 1 0 0 0 0 1 0.0474625 0.126773
-1.5 -0.5 1.5 0 -1 0 1 0 3.05815e-007 -3.05815e-007 0 1 0.0354366 0.126773
1.71789 -0.5 1.71789 0.919249 0 0.393677 0.393631 -0.0153192 -0.919141 0.00603082 0.999883 -0.0140822 0.567649 0.0138228
1.93579 -0.5 1.20911 0.919249 0 0.393677 0.393614 -0.0178406 -0.919103 0.00702343 0.999841 -0.0164 0.632727 0.0148491
1.93579 0.438327 1.20911 0.919249 0 0.393677 0.393595 -0.0203619 -0.919058 0.008016 0.999793 -0.0187176 0.632727 0.128758
1.71789 0.438327 1.71789 0.919249 0 0.393677 0.393614 -0.0178406 -0.919103 0.00702343 0.999841 -0.0164 0.566544 0.127389
-1.93579 -0.5 1.20911 -0.919249 0 0.393677 0.393677 0 0.919249 0 1 0 0.658039 0.600032
-1.71789 -0.5 1.71789 -0.919249 0 0.393677 0.393677 -8.07677e-008 0.919249 3.17964e-008 1 7.42456e-008 0.699363 0.600032
-1.71789 0.438327 1.71789 -0.919249 0 0.393677 0.393677 -1.61535e-007 0.919249 6.35927e-008 1 1.48491e-007 0.698911 0.673743
-1.93579 0.438327 1.20911 -0.919249 0 0.393677 0.393677 -8.07677e-008 0.919249 3.17964e-008 1 7.42456e-008 0.658039 0.673743
-1.5 1.50977 1.5 0 0 1 1 0 0 0 1 0 0.717836 0.757912
-1.15503 1.50977 1.5 0 0 1 1 0 0 0 1 0 0.744936 0.757912
-1.15503 2.8119 1.5 0 0 1 1 0 0 0 1 0 0.744936 0.860202
-1.5 2.8119 1.5 0 0 1 1 0 0 0 1 0 0.717836 0.860202
1.5 1.50977 1.5 1 0 0 0 0 -1 0 1 0 0.597414 0.258826
1.5 1.50977 1.20911 1 0 0 0 0 -1 0 1 0 0.632727 0.258826
1.5 2.8119 1.20911 1 0 0 0 0 -1 0 1 0 0.632727 0.416899
1.5 2.8119 1.5 1 0 0 0 0 -1 0 1 0 0.597414 0.416899
-1.15503 1.50977 -1.5 0 0 -1 -0.999894 -0.014577 0 -0.014577 0.999894 0 0.412395 0.756722
-1.5 1.50977 -1.5 0 0 -1 -0.999575 -0.0291647 0 -0.0291647 0.999575 0 0.443312 0.757515
-1.5 2.8119 -1.5 0 0 -1 -0.99964 -0.0268222 0 -0.0268222 0.99964 0 0.443312 0.859806
-1.15503 2.8119 -1.5 0 0 -1 -0.999921 -0.012533 0 -0.012533 0.999921 0 0.412395 0.859013
-1.5 1.50977 1.20911 -1 0 0 0 -5.12252e-008 1 0 1 5.12252e-008 0.658039 0.757912
-1.5 1.50977 1.5 -1 0 0 0 0 1 0 1 0 0.68089 0.757912
-1.5 2.8119 1.5 -1 0 0 0 0 1 0 1 0 0.68089 0.860202
-1.5 2.8119 1.20911 -1 0 0 0 0 1 0 1 0 0.658039 0.860202
-1.5 4.22649 1.20911 0 1 0 0 0 -1 -1 0 0 0.173598 0.37601
-1.15503 4.22649 1.20911 0 1 0 0 0 -1 -1 0 0 0.173598 0.34891
-1.15503 4.22649 1.04683 0 1 0 0 0 -1 -1 0 0 0.186345 0.34891
-1.5 4.22649 1.04683 0 1 0 0 0 -1 -1 0 0 0.186345 0.37601
-1.5 1.50977 1.04683 -1 0 0 0 0 1 0 1 0 0.645291 0.757912
-1.5 2.8119 1.04683 -1 0 0 0 0 1 0 1 0 0.645291 0.860202
-1.5 -0.5 1.04683 -1 0 0 0 0 1 0 1 0 0.959536 0.843228
-1.5 -0.5 1.20911 -1 0 0 0 0 1 0 1 0 0.972283 0.843228
-1.5 0.915075 1.20911 -1 0 0 0 0 1 0 1 0 0.972283 0.954391
-1.5 0.915075 1.04683 -1 0 0 0 0 1 0 1 0 0.959536 0.954391
-1.5 -0.5 1.04683 0 -1 0 1 0 0 0 0 1 0.0354366 0.110976
-1.15503 -0.5 1.04683 0 -1 0 1 0 0 0 0 1 0.0474625 0.110976
1.5 0.915075 1.20911 1 0 0 0 0 -1 0 1 0 0.96235 0.836216
1.5 -0.5 1.20911 1 0 0 0 0 -1 0 1 0 0.96235 0.725053
1.5 -0.5 1.04683 1 0 0 0 0 -1 0 1 0 0.975097 0.725053
1.5 0.915075 1.04683 1 0 0 0 0 -1 0 1 0 0.975097 0.836216
1.5 1.50977 1.04683 1 0 0 0 6.18139e-008 -1 0 1 6.18139e-008 0.652426 0.258826
1.5 2.8119 1.04683 1 0 0 0 0 -1 0 1 0 0.652426 0.416899
-1.5 4.03995 -1.07119 0 1 0 1 0 0 0 0 -1 0.0869995 0.431727
-1.15503 4.03995 -1.07119 0 1 0 1 0 0 0 0 -1 0.114099 0.431727
-1.15503 4.03995 -1.5 0 1 0 1 0 0 0 0 -1 0.114099 0.465413
-1.5 4.03995 -1.5 0 1 0 1 0 0 0 0 -1 0.0869995 0.465413
-1.5 1.50977 -1.5 -1 0 0 0 -0.0156233 0.999878 0 0.999878 0.0156233 0.443312 0.757515
-1.5 1.50977 -1.07119 -1 0 0 0 -0.00588388 0.999983 0 0.999983 0.00588388 0.478907 0.757912
-1.5 2.8119 -1.07119 -1 0 0 0 -0.00686821 0.999976 0 0.999976 0.00686821 0.478907 0.860202
-1.5 2.8119 -1.5 -1 0 0 0 -0.0117756 0.999931 0 0.999931 0.0117756 0.443312 0.859806
-1.71789 -0.5 -1.71789 -0.947657 0 -0.319291 -0.319291 0 0.947657 0 1 0 0.0251713 0.181643
-1.93579 -0.5 -1.07119 -0.947657 0 -0.319291 -0.319291 0 0.947657 0 1 0 0.0759743 0.181643
-1.93579 0.438327 -1.07119 -0.947657 0 -0.319291 -0.319291 0 0.947657 0 1 0 0.0759743 0.255355
-1.71789 0.438327 -1.71789 -0.947657 0 -0.319291 -0.319291 0 0.947657 0 1 0 0.0251713 0.255355
-1.5 -0.5 -1.5 0 -1 0 1 0 2.2378e-007 -2.2378e-007 0 1 0.0354366 0.0221921
-1.15503 -0.5 -1.5 0 -1 0 1 0 0 0 0 1 0.0474625 0.0221921
-1.15503 -0.5 -1.07119 0 -1 0 1 0 0 0 0 1 0.0474625 0.0371407
-1.5 -0.5 -1.07119 0 -1 0 1 0 0 0 0 1 0.0354366 0.0371407
1.93579 0.438327 -1.07119 0.947657 0 -0.319291 -0.319289 0.00314237 -0.947652 0.00100333 0.999995 0.00297789 0.938841 0.127437
1.93579 -0.5 -1.07119 0.947657 0 -0.319291 -0.319291 0.000964799 -0.947656 0.000308052 1 0.000914298 0.951426 0.011575
1.71789 -0.5 -1.71789 0.947657 0 -0.319291 -0.319291 -0.00121277 -0.947656 -0.000387228 0.999999 -0.00114929 1.00484 0.0116769
1.71789 0.438327 -1.71789 0.947657 0 -0.319291 -0.319291 0.000964799 -0.947656 0.000308052 1 0.000914298 1.00343 0.127172
1.5 2.8119 -1.07119 1 0 0 0 -7.09036e-008 -1 0 1 -7.09036e-008 0.909544 0.416899
1.5 1.50977 -1.07119 1 0 0 0 0.00718686 -0.999974 0 0.999974 0.00718686 0.909544 0.258826
1.5 1.50977 -1.5 1 0 0 0 -0.01377 -0.999905 0 0.999905 -0.01377 0.9616 0.258826
1.5 2.8119 -1.5 1 0 0 0 0 -1 0 1 0 0.9616 0.416899
1.167 4.22649 1.5 0 1 0 -1 0 0 0 0 1 0.108813 0.826273
1.5 4.22649 1.5 0 1 0 -1 0 -1.13925e-006 -1.13925e-006 0 1 0.0826537 0.826273
1.5 4.22649 1.20911 0 1 0 -1 0 -2.2785e-006 -2.2785e-006 0 1 0.0826538 0.803421
1.167 4.22649 1.20911 0 1 0 -1 0 -1.13925e-006 -1.13925e-006 0 1 0.108813 0.803421
1.5 4.03995 1.04683 0 1 0 -1 0 0 0 0 1 0.0826537 0.784668
1.167 4.03995 1.04683 0 1 0 -1 0 0 0 0 1 0.108813 0.784668
1.167 4.03995 1.20911 0 1 0 -1 0 0 0 0 1 0.108813 0.797416
1.5 4.03995 1.20911 0 1 0 -1 0 0 0 0 1 0.0826538 0.797416
1.167 4.03995 -1.5 0 1 0 0 0 -1 -1 0 0 0.125418 0.655909
1.167 4.03995 -1.07119 0 1 0 0 0 -1 -1 0 0 0.0917314 0.655909
1.5 4.03995 -1.07119 0 1 0 0 0 -1 -1 0 0 0.0917313 0.629749
1.5 4.03995 -1.5 0 1 0 0 0 -1 -1 0 0 0.125418 0.629749
1.5 1.50977 -1.5 0 0 -1 -1 3.03803e-006 0 3.03803e-006 1 0 0.203826 0.756723
1.167 1.50977 -1.5 0 0 -1 -1 1.51901e-006 0 1.51901e-006 1 0 0.229986 0.756722
1.167 2.8119 -1.5 0 0 -1 -1 -1.5978e-006 0 -1.5978e-006 1 0 0.229985 0.859013
1.5 2.8119 -1.5 0 0 -1 -1 1.51901e-006 0 1.51901e-006 1 0 0.203826 0.859013
1.167 -0.5 -1.93579 0.367801 0 -0.929904 -0.929904 2.56153e-006 -0.367801 2.38198e-006 1 9.42133e-007 0.229986 0.598843
1.167 0.438327 -1.93579 0.367801 0 -0.929904 -0.929904 1.28076e-006 -0.367801 1.19099e-006 1 4.71067e-007 0.229985 0.672554
1.71789 0.438327 -1.71789 0.367801 0 -0.929904 -0.929904 0 -0.367801 0 1 0 0.186709 0.672554
1.71789 -0.5 -1.71789 0.367801 0 -0.929904 -0.929904 1.28076e-006 -0.367801 1.19099e-006 1 4.71067e-007 0.186709 0.598843
1.167 -0.5 -1.07119 0 -1 0 1 0 0 0 0 1 0.128409 0.0371407
1.167 -0.5 -1.5 0 -1 0 1 0 0 0 0 1 0.128409 0.0221921
1.5 -0.5 -1.5 0 -1 0 1 0 -2.15304e-007 2.15304e-007 0 1 0.140018 0.0221921
1.5 -0.5 -1.07119 0 -1 0 1 0 0 0 0 1 0.140018 0.0371407
1.167 -0.5 1.20911 0 -1 0 1 0 0 0 0 1 0.128409 0.116633
1.167 -0.5 1.04683 0 -1 0 1 0 0 0 0 1 0.128409 0.110976
1.5 -0.5 1.04683 0 -1 0 1 0 0 0 0 1 0.140018 0.110976
1.5 -0.5 1.20911 0 -1 0 1 0 0 0 0 1 0.140018 0.116633
1.167 -0.5 1.5 0 -1 0 1 0 0 0 0 1 0.128409 0.126773
1.5 -0.5 1.5 0 -1 0 1 0 -2.9527e-007 2.9527e-007 0 1 0.140018 0.126773
1.167 0.438327 1.93579 0.367801 0 0.929904 0.929862 -0.0095133 -0.367785 0.00884646 0.999955 -0.003499 0.497458 0.126705
1.167 -0.5 1.93579 0.367801 0 0.929904 0.929838 -0.0119131 -0.367775 0.0110781 0.999929 -0.00438166 0.497458 0.0127964
1.71789 -0.5 1.71789 0.367801 0 0.929904 0.929809 -0.0143129 -0.367764 0.0133096 0.999898 -0.0052643 0.567649 0.0138228
1.71789 0.438327 1.71789 0.367801 0 0.929904 0.929838 -0.0119131 -0.367775 0.0110781 0.999929 -0.00438166 0.566544 0.127389
1.167 2.8119 1.5 0 0 1 1 0 0 0 1 0 0.927346 0.860202
1.167 1.50977 1.5 0 0 1 1 0 0 0 1 0 0.927346 0.757912
1.5 1.50977 1.5 0 0 1 1 0 0 0 1 0 0.953505 0.757912
1.5 2.8119 1.5 0 0 1 1 0 0 0 1 0 0.953505 0.860202
-0.0925113 4.03995 1.5 0 1 0 -1 0 1.93483e-006 1.93483e-006 0 1 0.162854 0.534445
0.299642 4.03995 1.5 0 1 0 -1 0 9.67413e-007 9.67413e-007 0 1 0.132048 0.534445
0.299642 4.03995 1.20911 0 1 0 -1 0 0 0 0 1 0.132048 0.511593
-0.0925113 4.03995 1.20911 0 1 0 -1 0 9.67413e-007 9.67413e-007 0 1 0.162854 0.511593
-0.0925113 3.52688 1.04683 0 1 0 0 0 -1 -1 0 0 0.222181 0.477472
-0.0925113 3.52688 1.20911 0 1 1.06155e-006 0 1.06155e-006 -1 -1 0 0 0.209434 0.477472
0.299642 3.52688 1.20911 -1.89637e-007 1 2.19121e-006 2.40612e-015 2.19121e-006 -1 -1 -1.89637e-007 -4.1794e-013 0.209434 0.446666
0.299642 3.52688 1.04683 -1.89637e-007 1 3.25085e-014 1.21194e-013 2.76091e-014 -1 -1 -1.89637e-007 -1.21194e-013 0.222181 0.446666
-0.0925113 4.22649 -1.5 0 1 0 0 0 -1 -1 0 0 0.125418 0.692392
-0.0925113 4.22649 -1.07119 0 1 0 0 0 -1 -1 0 0 0.0917315 0.692392
0.299642 4.22649 -1.07119 0 1 0 0 0 -1 -1 0 0 0.0917314 0.661586
0.299642 4.22649 -1.5 0 1 0 0 0 -1 -1 0 0 0.125418 0.661586
0.299642 1.50977 -1.5 0 0 -1 -1 -8.77149e-008 0 -8.77149e-008 1 0 0.298122 0.756723
-0.0925113 1.50977 -1.5 0 0 -1 -1 5.31839e-007 0 5.31839e-007 1 0 0.328928 0.756722
-0.0925113 2.8119 -1.5 0 0 -1 -1 3.89276e-006 0 3.89276e-006 1 0 0.328928 0.859013
0.299642 2.8119 -1.5 0 0 -1 -1 1.01643e-006 0 1.01643e-006 1 0 0.298122 0.859014
-0.0925113 -0.5 -1.5 0 0 -1 -1 -1.32022e-006 0 -1.32022e-006 1 0 0.328928 0.598843
-0.0925113 0.915075 -1.5 0 0 -1 -1 -1.51638e-008 0 -1.51638e-008 1 0 0.328928 0.710006
0.299642 0.915075 -1.5 0 0 -1 -1 -5.16679e-007 0 -5.16679e-007 1 0 0.298122 0.710006
0.299642 -0.5 -1.5 0 0 -1 -1 1.28989e-006 0 1.28989e-006 1 0 0.298122 0.598843
-0.0925113 -0.5 -1.07119 0 -1 0 1 0 0 0 0 1 0.0845022 0.0371407
-0.0925113 -0.5 -1.5 0 -1 0 1 0 0 0 0 1 0.0845022 0.0221921
0.299642 -0.5 -1.5 0 -1 0 1 0 0 0 0 1 0.0981728 0.0221921
0.299642 -0.5 -1.07119 0 -1 0 1 0 0 0 0 1 0.0981728 0.0371407
-0.0925113 -0.5 1.20911 0 -1 0 1 0 0 0 0 1 0.0845022 0.116633
-0.0925113 -0.5 1.04683 0 -1 0 1 0 0 0 0 1 0.0845022 0.110976
0.299642 -0.5 1.04683 0 -1 0 1 0 0 0 0 1 0.0981728 0.110976
0.299642 -0.5 1.20911 0 -1 0 1 0 0 0 0 1 0.0981728 0.116633
-0.0925113 -0.5 1.5 0 -1 0 1 0 0 0 0 1 0.0845022 0.126773
0.299642 -0.5 1.5 0 -1 0 1 0 0 0 0 1 0.0981728 0.126773
-0.0925113 0.915075 1.5 0 0 1 1 0 0 0 1 0 0.828403 0.711195
-0.0925113 -0.5 1.5 0 0 1 1 0 0 0 1 0 0.828403 0.600032
0.299642 -0.5 1.5 0 0 1 1 -5.41098e-008 0 5.41098e-008 1 0 0.859209 0.600032
0.299642 0.915075 1.5 0 0 1 1 -6.32501e-008 0 6.32501e-008 1 0 0.859209 0.711195
-0.0925113 2.8119 1.5 0 0 1 1 0 0 0 1 0 0.828403 0.860202
-0.0925113 1.50977 1.5 0 0 1 1 0 0 0 1 0 0.828403 0.757912
0.299642 1.50977 1.5 0 0 1 1 0 0 0 1 0 0.859209 0.757912
0.299642 2.8119 1.5 0 0 1 1 0 0 0 1 0 0.859209 0.860202
-1.15503 4.22649 1.5 0 1 0 -5.21664e-006 0 -1 -1 0 5.21664e-006 0.0219497 0.89465
-0.896948 4.22649 1.5 0 1 0 -2.60832e-006 0 -1 -1 0 2.60832e-006 0.0219496 0.874376
-0.896948 4.22649 1.20911 0 1 0 0 0 -1 -1 0 0 0.0448014 0.874376
-1.15503 4.22649 1.20911 0 1 0 -2.60832e-006 0 -1 -1 0 2.60832e-006 0.0448014 0.89465
-0.896948 1.50977 1.5 0 0 1 1 0 0 0 1 0 0.76521 0.757912
-0.896948 2.8119 1.5 0 0 1 1 0 0 0 1 0 0.76521 0.860202
-1.15503 0.915075 1.5 0 0 1 1 0 0 0 1 0 0.958846 0.704657
-1.15503 -0.5 1.5 0 0 1 1 0 0 0 1 0 0.958846 0.593494
-0.896948 -0.5 1.5 0 0 1 1 0 0 0 1 0 0.97912 0.593494
-0.896948 0.915075 1.5 0 0 1 1 0 0 0 1 0 0.97912 0.704657
-0.896948 -0.5 1.20911 0 -1 0 1 0 0 0 0 1 0.0564592 0.116633
-0.896948 -0.5 1.5 0 -1 0 1 0 0 0 0 1 0.0564592 0.126773
-0.896948 -0.5 1.04683 0 -1 0 1 0 0 0 0 1 0.0564592 0.110976
-0.896948 -0.5 -1.5 0 -1 0 1 0 0 0 0 1 0.0564592 0.0221921
-0.896948 -0.5 -1.07119 0 -1 0 1 0 0 0 0 1 0.0564592 0.0371407
-1.15503 -0.5 -1.5 0 0 -1 1 0 0 0 -1 0 0.932985 0.706811
-1.15503 0.915075 -1.5 0 0 -1 1 0 0 0 -1 0 0.932985 0.595648
-0.896948 0.915075 -1.5 0 0 -1 1 0 0 0 -1 0 0.953259 0.595648
-0.896948 -0.5 -1.5 0 0 -1 1 0 0 0 -1 0 0.953259 0.706811
-0.896948 2.8119 -1.5 0 0 -1 -1 1.58981e-006 0 1.58981e-006 1 0 0.392121 0.859013
-0.896948 1.50977 -1.5 0 0 -1 -1 1.7048e-006 0 1.7048e-006 1 0 0.392121 0.756722
-0.896948 4.03995 -1.07119 0 1 0 1 0 0 0 0 -1 0.134373 0.431727
-0.896948 4.03995 -1.5 0 1 0 1 0 0 0 0 -1 0.134373 0.465413
-1.15503 3.52688 1.04683 0 1 -2.96937e-014 0 -3.57233e-014 -1 -1 0 0 0.222181 0.560939
-1.15503 3.52688 1.20911 0 1 1.60118e-006 0 1.60118e-006 -1 -1 0 0 0.209434 0.560939
-0.896948 3.52688 1.20911 0 1 2.44469e-006 0 2.44469e-006 -1 -1 0 0 0.209434 0.540665
-0.896948 3.52688 1.04683 0 1 4.53365e-014 0 1.87546e-013 -1 -1 0 0 0.222181 0.540665
-0.0925113 3.52688 -0.237008 -4.5598e-007 1 6.95391e-014 -1.24866e-013 6.4221e-014 -1 -1 -4.5598e-007 1.24866e-013 0.323035 0.477472
-0.0925113 3.52688 0.0741157 -1.13852e-007 1 1.37226e-007 1.05504e-014 1.37226e-007 -1 -1 -1.13852e-007 -2.61738e-014 0.298595 0.477472
0.299642 3.52688 0.0741157 -7.54429e-008 1 2.72796e-007 4.78947e-008 2.72796e-007 -1 -1 -7.54429e-008 -4.78947e-008 0.298595 0.446666
0.299642 3.52688 -0.237008 -1.89637e-007 1 -1.44603e-014 -5.23498e-015 1.5452e-014 -1 -1 -1.89637e-007 5.23497e-015 0.323035 0.446666
-1.15503 4.85885 -0.237008 0 1 0 1 0 0 0 0 -1 0.451631 0.466592
-1.15503 4.85885 0.0741156 0 1 0 1 0 0 0 0 -1 0.451631 0.426957
-0.896948 4.85885 0.0741157 0 1 0 1 0 2.81037e-008 2.81037e-008 0 -1 0.484508 0.426957
-0.896948 4.85885 -0.237008 0 1 0 1 0 0 0 0 -1 0.484508 0.466592
-1.5 4.03995 0.0741156 0 1 0 1 0 0 0 0 -1 0.0869995 0.341756
-1.15503 4.03995 0.0741156 0 1 0 1 0 0 0 0 -1 0.114099 0.341756
-1.15503 4.03995 -0.237008 0 1 0 1 0 0 0 0 -1 0.114099 0.366197
-1.5 4.03995 -0.237008 0 1 0 1 0 0 0 0 -1 0.0869995 0.366197
-1.5 1.50977 -0.237008 -1 0 0 0 0 1 0 1 0 0.544437 0.757912
-1.5 1.50977 0.0741156 -1 -2.26016e-008 0 0 0 1 -2.26016e-008 1 0 0.568878 0.757912
-1.5 2.8119 0.0741156 -1 0 0 0 0 1 0 1 0 0.568878 0.860202
-1.5 2.8119 -0.237008 -1 0 0 0 0 1 0 1 0 0.544437 0.860202
-1.5 -0.5 -0.237008 -1 0 0 0 -3.42302e-008 1 0 1 3.42302e-008 0.544437 0.600032
-1.5 -0.5 0.0741157 -1 3.02961e-008 0 0 0 1 3.02961e-008 1 0 0.568878 0.600032
-1.5 0.915075 0.0741157 -1 1.61886e-015 0 0 0 1 1.61886e-015 1 0 0.568878 0.711195
-1.5 0.915075 -0.237008 -1 0 0 0 -3.42302e-008 1 0 1 3.42302e-008 0.544437 0.711195
-1.5 -0.5 -0.237008 0 -1 0 1 0 0 0 0 1 0.0354366 0.0662205
-1.15503 -0.5 -0.237008 0 -1 0 1 0 0 0 0 1 0.0474625 0.0662205
-1.15503 -0.5 0.0741157 0 -1 0 1 0 -1.44347e-008 1.44347e-008 0 1 0.0474625 0.0770664
-1.5 -0.5 0.0741157 0 -1 0 1 0 0 0 0 1 0.0354366 0.0770664
-0.896948 -0.5 0.0741157 0 -1 0 1 0 -4.56237e-008 4.56237e-008 0 1 0.0564592 0.0770664
-0.896948 -0.5 -0.237008 0 -1 0 1 0 -4.28619e-008 4.28619e-008 0 1 0.0564592 0.0662205
0.299642 -0.5 0.0741157 0 -1 0 1 0 3.79224e-008 -3.79224e-008 0 1 0.0981728 0.0770664
-0.0925113 -0.5 0.0741156 0 -1 0 1 0 -2.12606e-010 2.12606e-010 0 1 0.0845022 0.0770664
-0.0925113 -0.5 -0.237008 0 -1 0 1 0 -7.23099e-009 7.23099e-009 0 1 0.0845022 0.0662205
0.299642 -0.5 -0.237008 0 -1 0 1 0 3.41796e-008 -3.41796e-008 0 1 0.0981728 0.0662205
1.5 -0.5 0.0741157 0 -1 0 1 0 0 0 0 1 0.140018 0.0770664
1.167 -0.5 0.0741157 0 -1 0 1 0 1.17673e-008 -1.17673e-008 0 1 0.128409 0.0770664
1.167 -0.5 -0.237008 0 -1 0 1 0 5.88362e-009 -5.88362e-009 0 1 0.128409 0.0662205
1.5 -0.5 -0.237008 0 -1 0 1 0 0 0 0 1 0.140018 0.0662205
1.65217 0.915075 0.0741157 1 1.75211e-007 5.76265e-007 5.76266e-007 -1.05417e-007 -1 -1.75211e-007 1 -1.05417e-007 0.306777 0.263056
1.65217 -0.5 0.0741157 1 6.05922e-008 6.85939e-007 6.85939e-007 1.85555e-014 -1 -6.05922e-008 1 -2.30071e-014 0.306777 0.151893
1.65217 -0.5 -0.237008 1 0 -7.18662e-007 -7.18662e-007 0 -1 0 1 0 0.331218 0.151893
1.65217 0.915075 -0.237008 1 1.83352e-007 -6.03041e-007 -6.03041e-007 1.25221e-007 -1 -1.83352e-007 1 1.25221e-007 0.331218 0.263056
1.5 2.8119 0.0741156 1 0 0 0 0 -1 0 1 0 0.77051 0.416899
1.5 1.78502 0.0741156 1 0 0 0 -3.09643e-007 -1 0 1 -3.09643e-007 0.77051 0.29224
1.5 1.78502 -0.237008 1 0 0 0 4.33094e-007 -1 0 1 4.33094e-007 0.808279 0.29224
1.5 2.8119 -0.237008 1 0 0 0 0 -1 0 1 0 0.808279 0.416899
1.167 4.22649 -0.237008 0 1 0 -1 0 -4.55703e-006 -4.55703e-006 0 1 0.109623 0.753135
1.167 4.22649 0.0741156 0 1 0 -1 0 -2.27852e-006 -2.27852e-006 0 1 0.109623 0.777576
1.5 4.22649 0.0741156 0 1 0 -1 0 0 0 0 1 0.0834638 0.777576
1.5 4.22649 -0.237008 0 1 0 -1 0 -2.27852e-006 -2.27852e-006 0 1 0.0834638 0.753135
-1.15503 4.03995 1.5 0 0 1 1 0 0 0 1 0 0.744936 0.956674
-1.5 4.03995 1.5 0 0 1 1 0 0 0 1 0 0.717836 0.956674
-1.5 4.03995 1.5 -1 0 0 0 0 1 0 1 0 0.68089 0.956674
-1.5 4.03995 1.20911 -1 0 0 0 0 1 0 1 0 0.658039 0.956674
-1.15503 3.52688 1.20911 1 0 0 0 1 0 0 0 1 0.134613 0.817633
-1.15503 3.52688 1.04683 1 0 0 0 1 0 0 0 1 0.134613 0.804885
-1.15503 4.03995 1.04683 1 0 0 0 1 0 0 0 1 0.174918 0.804885
-1.15503 4.03995 1.20911 1 0 0 0 1 0 0 0 1 0.174918 0.817633
-1.5 4.03995 1.04683 -1 0 0 0 0 1 0 1 0 0.645291 0.956674
-1.5 4.03995 -1.5 0 0 -1 -0.999758 -0.0219815 0 -0.0219815 0.999758 0 0.442358 0.956079
-1.15503 4.03995 -1.5 0 0 -1 -0.999854 -0.017074 0 -0.017074 0.999854 0 0.412395 0.955485
-1.5 4.03995 -1.07119 -1 0 0 0 -0.00588317 0.999983 0 0.999983 0.00588317 0.478907 0.956674
-1.5 4.03995 -1.5 -1 0 0 0 -0.0147204 0.999892 0 0.999892 0.0147204 0.442358 0.956079
1.5 4.03995 1.5 0 0 1 1 0 0 0 1 0 0.953505 0.956674
1.167 4.03995 1.5 0 0 1 1 0 0 0 1 0 0.927346 0.956674
1.5 4.03995 1.20911 1 0 0 0 0 -1 0 1 0 0.632727 0.565979
1.5 4.03995 1.5 1 0 0 0 0 -1 0 1 0 0.597414 0.565979
1.167 3.52688 1.04683 -1 0 0 0 1 0 0 0 -1 0.0221082 0.544878
1.167 3.52688 1.20911 -1 0 0 0 1 0 0 0 -1 0.0221082 0.53213
1.167 4.03995 1.20911 -1 0 0 0 1 0 0 0 -1 0.0624132 0.53213
1.167 4.03995 1.04683 -1 0 0 0 1 0 0 0 -1 0.0624132 0.544878
1.5 4.03995 1.04683 1 0 0 0 0 -1 0 1 0 0.652426 0.565979
1.5 4.03995 -1.5 1 0 0 0 0 -1 0 1 0 0.9616 0.565979
1.5 4.03995 -1.07119 1 0 0 0 0 -1 0 1 0 0.909544 0.565979
1.167 4.03995 -1.5 0 0 -1 -1 -1.19835e-006 0 -1.19835e-006 1 0 0.229985 0.955485
1.5 4.03995 -1.5 0 0 -1 -1 0 0 0 1 0 0.203826 0.955485
0.299642 4.03995 1.5 0 0 1 1 0 0 0 1 0 0.859209 0.956674
-0.0925113 4.03995 1.5 0 0 1 1 0 0 0 1 0 0.828403 0.956674
0.299642 3.52688 1.20911 0 0 -1 0 -1 0 -1 -0 -0 0.0752931 0.380112
-0.0925113 3.52688 1.20911 0 0 -1 0 -1 0 -1 -0 -0 0.0752931 0.410919
-0.0925113 4.03995 1.20911 0 0 -1 0 -1 0 -1 -0 -0 0.034988 0.410919
0.299642 4.03995 1.20911 0 0 -1 0 -1 0 -1 -0 -0 0.034988 0.380112
-0.0925113 3.52688 -1.07119 0 0 1 0 1 0 -1 0 0 0.133681 0.953388
0.299642 3.52688 -1.07119 0 0 1 0 1 0 -1 0 0 0.133681 0.922582
0.299642 4.03995 -1.07119 0 0 1 0 1 0 -1 0 0 0.173986 0.922582
-0.0925113 4.03995 -1.07119 0 0 1 0 1 0 -1 0 0 0.173986 0.953388
-0.0925113 4.03995 -1.5 0 0 -1 -1 7.73948e-007 0 7.73948e-007 1 0 0.328928 0.955485
0.299642 4.03995 -1.5 0 0 -1 -1 2.90226e-006 0 2.90226e-006 1 0 0.298122 0.955485
-0.896948 4.03995 1.5 0 0 1 1 0 0 0 1 0 0.76521 0.956674
-0.896948 3.52688 1.20911 0 0 -1 0 -1 0 -1 -0 -0 0.0752931 0.474112
-1.15503 3.52688 1.20911 0 0 -1 0 -1 0 -1 -0 -0 0.0752931 0.494386
-1.15503 4.03995 1.20911 0 0 -1 0 -1 0 -1 -0 -0 0.034988 0.494386
-0.896948 4.03995 1.20911 0 0 -1 0 -1 0 -1 -0 -0 0.034988 0.474112
-0.896948 4.03995 -1.5 0 0 -1 -1 2.93999e-006 0 2.93999e-006 1 0 0.392121 0.955485
-1.15503 3.52688 0.0741156 -6.33013e-008 0 1 1 0 6.33013e-008 0 1 0 0.392074 0.264541
-0.896948 3.52688 0.0741157 -4.83244e-008 0 1 1 0 4.83244e-008 0 1 0 0.413769 0.264541
-0.896948 4.03995 0.0741157 -4.65359e-008 0 1 1 0 4.65359e-008 0 1 0 0.413769 0.30767
-1.15503 4.03995 0.0741156 -6.09586e-008 0 1 1 0 6.09586e-008 0 1 0 0.392074 0.30767
-0.0925113 3.52688 0.0741157 1 0 0 0 -0.0550065 -0.998486 0 0.998486 -0.0550065 0.484584 0.265966
-0.0925113 3.52688 -0.237008 1 0 0 0 -0.0318809 -0.999492 0 0.999492 -0.0318809 0.513932 0.267391
-0.0925113 4.03995 -0.237008 1 0 0 0 -0.0331532 -0.99945 0 0.99945 -0.0331532 0.513932 0.31052
-0.0925113 4.03995 0.0741157 1 0 0 0 -0.0664729 -0.997788 0 0.997788 -0.0664729 0.483519 0.30862
-1.5 4.03995 0.0741156 -1 0 0 0 0 1 0 1 0 0.568878 0.956674
-1.5 4.03995 -0.237008 -1 0 0 0 0 1 0 1 0 0.544437 0.956674
1.167 3.52688 -0.237008 -1 0 -7.97257e-014 0 1 0 7.97257e-014 0 -1 0.0221082 0.645731
1.167 3.52688 0.0741156 -1 0 -3.4297e-007 0 1 0 3.4297e-007 0 -1 0.0221082 0.621291
1.167 4.03995 0.0741156 -1 0 -4.08569e-007 0 1 0 4.08569e-007 0 -1 0.0624132 0.621291
1.167 4.03995 -0.237008 -1 0 -1.1345e-007 0 1 0 1.1345e-007 0 -1 0.0624132 0.645731
1.5 4.03995 -0.237008 1 0 0 0 0 -1 0 1 0 0.808279 0.565979
1.5 4.03995 0.0741156 1 0 0 0 0 -1 0 1 0 0.77051 0.565979
-1.15503 4.03995 -0.237008 -1 0 0 0 1 0 0 0 -1 0.31223 0.514338
-1.15503 4.03995 0.0741156 -1 0 0 0 1 0 0 0 -1 0.31223 0.489897
-1.15503 4.85885 0.0741156 -1 0 0 0 1 0 0 0 -1 0.37656 0.489897
-1.15503 4.85885 -0.237008 -1 0 0 0 1 0 0 0 -1 0.37656 0.514338
-0.896948 4.85885 0.0741157 -4.54154e-008 0 1 1 0 4.54154e-008 0 1 0 0.413769 0.376507
-1.15503 4.85885 0.0741156 -5.94907e-008 0 1 1 0 5.94907e-008 0 1 0 0.392074 0.376507
-0.0925113 4.85885 -0.237008 1 0 0 0 -0.0272103 -0.99963 0 0.99963 -0.0272103 0.513932 0.379357
-0.0925113 4.85885 0.0741157 1 0 0 0 -0.0631806 -0.998002 0 0.998002 -0.0631806 0.484584 0.377932
-0.896948 4.03995 -1.07119 0 0 -1 0 -1 0 -1 -0 -0 0.44565 0.557085
-1.15503 4.03995 -1.07119 0 0 -1 0 -1 0 -1 -0 -0 0.44565 0.577359
-1.15503 4.85885 -1.07119 0 0 -1 0 -1 0 -1 -0 -0 0.38132 0.577359
-0.896948 4.85885 -1.07119 0 0 -1 0 -1 0 -1 -0 -0 0.38132 0.557085
1.167 0.915075 1.5 0 0 1 1 0 0 0 1 0 0.927346 0.711195
1.5 0.915075 1.5 0 0 1 1 0 0 0 1 0 0.953505 0.711195
-1.15503 0.915075 1.5 0 0 1 1 0 0 0 1 0 0.744936 0.711195
-0.896948 0.915075 1.5 0 0 1 1 1.24997e-007 0 -1.24997e-007 1 0 0.76521 0.711195
-1.5 0.915075 1.5 0 0 1 1 0 0 0 1 0 0.717836 0.711195
-1.5 0.915075 1.20911 -1 0 0 0 -1.0245e-007 1 0 1 1.0245e-007 0.658039 0.711195
-1.5 0.915075 1.5 -1 0 0 0 -1.53676e-007 1 0 1 1.53676e-007 0.68089 0.711195
-1.5 0.915075 1.04683 -1 0 0 0 0 1 0 1 0 0.645291 0.711195
-1.5 0.915075 -1.5 -1 0 0 0 -0.023334 0.999728 0 0.999728 0.023334 0.441404 0.710402
-1.5 0.915075 -1.07119 -1 0 0 0 -0.00702061 0.999975 0 0.999975 0.00702061 0.478907 0.711195
-1.15503 0.915075 -1.5 0 0 -1 -0.999988 -0.00487578 0 -0.00487578 0.999988 0 0.412395 0.710006
-1.5 0.915075 -1.5 0 0 -1 -0.999762 -0.0218155 0 -0.0218155 0.999762 0 0.441404 0.710402
-0.896948 0.915075 -1.5 0 0 -1 -1 2.26433e-006 0 2.26433e-006 1 0 0.392121 0.710006
1.5 0.915075 -1.5 0 0 -1 -1 0 0 0 1 0 0.203826 0.710006
1.167 0.915075 -1.5 0 0 -1 -1 1.13926e-006 0 1.13926e-006 1 0 0.229986 0.710006
1.5 0.915075 -1.07119 1 0 0 0 0.00757172 -0.999971 0 0.999971 0.00757172 0.909752 0.184481
1.5 0.915075 -1.5 1 0 0 0 -0.0413021 -0.999147 0 0.999147 -0.0413021 0.9616 0.186633
1.65217 1.78502 0.0741156 1 4.24734e-007 3.09902e-007 3.09902e-007 -3.68961e-007 -1 -4.24734e-007 1 -3.68961e-007 0.306777 0.331396
1.65217 1.78502 -0.237008 1 5.33887e-007 -3.14893e-007 -3.14894e-007 2.50441e-007 -1 -5.33887e-007 1 2.50442e-007 0.331218 0.331396
1.5 0.915075 1.20911 1 0 0 0 0 -1 0 1 0 0.632727 0.186633
1.5 0.915075 1.04683 1 0 0 0 2.22721e-008 -1 0 1 2.22721e-008 0.652426 0.186633
1.5 0.915075 1.5 1 0 0 0 0 -1 0 1 0 0.597414 0.186633
-1.15503 -0.5 1.93579 0 -1 0 1 0 0 0 0 1 0.0474625 0.141965
-1.71789 -0.5 1.71789 0 -1 0 1 0 9.17446e-007 -9.17446e-007 0 1 0.0278408 0.134369
-1.15503 -0.5 1.5 1 0 0 0 8.65124e-007 -1 0 1 8.65124e-007 0.121417 0.184359
-1.15503 0.915075 1.5 1 0 0 0 1.73025e-006 -1 0 1 1.73025e-006 0.121417 0.295522
-1.15503 0.438327 1.93579 1 0 0 0 8.65124e-007 -1 0 1 8.65124e-007 0.0871828 0.25807
-1.15503 -0.5 1.93579 1 0 0 0 0 -1 0 1 0 0.0871828 0.184359
-1.15503 0.915075 1.5 -0.189403 0.584285 0.789138 0.981899 0.112705 0.15222 -7.45058e-009 0.803685 -0.595055 0.744936 0.711195
-1.5 0.915075 1.5 -0.514207 0.641863 0.568861 0.848987 0.286809 0.443804 0.121707 0.711163 -0.692412 0.717836 0.711195
-1.71789 0.438327 1.71789 -0.516403 0.641915 0.56681 0.730272 -0.015587 0.682979 0.447249 0.766618 -0.460723 0.698911 0.673743
-1.15503 0.438327 1.93579 -0.189403 0.584284 0.789138 0.976083 0.0246862 0.215994 0.106721 0.811173 -0.574986 0.744936 0.673743
-1.93579 -0.5 1.20911 0 -1 0 1 0 9.17446e-007 -9.17446e-007 0 1 0.020245 0.116633
-1.5 0.915075 1.5 -0.514207 0.641863 0.568861 0.479142 -0.335127 0.811241 0.711346 0.689712 -0.135219 0.68089 0.711195
-1.5 0.915075 1.20911 -0.782424 0.585117 0.213191 0.17073 -0.127677 0.977011 0.598885 0.800835 2.45869e-007 0.658039 0.711195
-1.93579 0.438327 1.20911 -0.782424 0.585117 0.213191 0.241066 -0.0310731 0.970011 0.574195 0.810353 -0.11674 0.658039 0.673743
-1.5 0.915075 1.20911 1.30765e-007 0 -1 -1 6.92102e-007 -1.30765e-007 6.92102e-007 1 9.0503e-014 0.304881 0.134286
-1.5 -0.5 1.20911 1.30765e-007 0 -1 -1 3.8252e-006 -1.30765e-007 3.8252e-006 1 5.00204e-013 0.304881 0.023123
-1.93579 -0.5 1.20911 1.30765e-007 0 -1 -1 6.95829e-006 -1.30765e-007 6.95829e-006 1 9.09904e-013 0.339115 0.0231228
-1.93579 0.438327 1.20911 1.30765e-007 0 -1 -1 3.8252e-006 -1.30765e-007 3.8252e-006 1 5.00204e-013 0.339115 0.0968343
-1.5 0.915075 -1.5 -0.57444 0.648114 -0.499967 -0.810135 -0.362818 0.460483 0.117049 0.669561 0.733477 0.441404 0.710402
-1.15503 0.915075 -1.5 -0.189403 0.584285 -0.789138 -0.981701 -0.128821 0.14024 -0.0197176 0.801259 0.597992 0.412395 0.710006
-1.15503 0.438327 -1.93579 -0.189403 0.584285 -0.789138 -0.977105 -0.0328282 0.210211 0.0969172 0.810885 0.577125 0.412395 0.672554
-1.71789 0.438327 -1.71789 -0.571719 0.648217 -0.502944 -0.781441 -0.243452 0.574527 0.249975 0.721489 0.645729 0.456612 0.672554
-1.15503 0.915075 -1.5 1 0 0 0 -1.6149e-006 -1 0 1 -1.6149e-006 0.128666 0.295522
-1.15503 -0.5 -1.5 1 0 0 0 -8.07449e-007 -1 0 1 -8.07449e-007 0.128666 0.184359
-1.15503 -0.5 -1.93579 1 0 0 0 0 -1 0 1 0 0.162899 0.184359
-1.15503 0.438327 -1.93579 1 0 0 0 -8.07449e-007 -1 0 1 -8.07449e-007 0.162899 0.25807
-1.71789 -0.5 -1.71789 0 -1 0 1 0 5.5945e-007 -5.5945e-007 0 1 0.0278408 0.0145963
-1.15503 -0.5 -1.93579 0 -1 0 1 0 5.5945e-007 -5.5945e-007 0 1 0.0474625 0.00700039
-1.93579 -0.5 -1.07119 0 -1 0 1 0 0 0 0 1 0.020245 0.0371407
-1.5 -0.5 -1.07119 -1.30765e-007 0 1 1 8.65124e-007 1.30765e-007 -8.65124e-007 1 -1.13128e-013 0.204382 0.184359
-1.5 0.915075 -1.07119 -1.30765e-007 0 1 1 1.73025e-006 1.30765e-007 -1.73025e-006 1 -2.26257e-013 0.204382 0.295522
-1.93579 0.438327 -1.07119 -1.30765e-007 0 1 1 8.65124e-007 1.30765e-007 -8.65124e-007 1 -1.13128e-013 0.170148 0.25807
-1.93579 -0.5 -1.07119 -1.30765e-007 0 1 1 0 1.30765e-007 0 1 0 0.170148 0.184359
-1.5 0.915075 -1.07119 -0.7964 0.582851 -0.161345 -0.130201 0.0952886 0.986898 0.590589 0.806973 -8.9407e-008 0.0759743 0.292806
-1.5 0.915075 -1.5 -0.57444 0.648114 -0.499967 -0.423171 0.287704 0.859158 0.700675 0.705106 0.108994 0.0422882 0.292806
-1.71789 0.438327 -1.71789 -0.571719 0.648217 -0.502944 -0.509968 0.199442 0.836753 0.642706 0.734873 0.216545 0.0251713 0.255355
-1.93579 0.438327 -1.07119 -0.7964 0.582851 -0.161345 -0.185837 0.0180274 0.982415 0.57551 0.812379 0.0939582 0.0759743 0.255355
1.93579 -0.5 1.20911 0 -1 0 1 0 -8.8581e-007 8.8581e-007 0 1 0.155209 0.116633
1.71789 -0.5 1.71789 0 -1 0 1 0 -8.8581e-007 8.8581e-007 0 1 0.147614 0.134369
1.5 -0.5 1.20911 0 0 -1 -1 1.49955e-006 0 1.49955e-006 1 0 0.296437 0.0243178
1.5 0.915075 1.20911 0 0 -1 -1 2.99911e-006 0 2.99911e-006 1 0 0.296437 0.135481
1.93579 0.438327 1.20911 0 0 -1 -1 1.49955e-006 0 1.49955e-006 1 0 0.262204 0.0980292
1.93579 -0.5 1.20911 0 0 -1 -1 0 0 0 1 0 0.262203 0.0243178
1.5 0.915075 1.20911 0.782424 0.585117 0.21319 0.17073 0.127677 -0.977011 -0.598885 0.800835 0 0.632727 0.186633
1.5 0.915075 1.5 0.520544 0.641376 0.563623 0.48557 0.320603 -0.813287 -0.702322 0.69703 -0.144545 0.597414 0.186633
1.71789 0.438327 1.71789 0.522265 0.641408 0.561993 0.733323 -0.00140575 -0.679879 -0.43529 0.767199 -0.471093 0.566544 0.127389
1.93579 0.438327 1.20911 0.782424 0.585117 0.21319 0.247756 0.0216064 -0.968582 -0.57134 0.810661 -0.128061 0.632727 0.128758
1.167 0.915075 1.5 -1 0 0 0 -1.73025e-006 1 0 1 1.73025e-006 0.174588 0.131233
1.167 -0.5 1.5 -1 0 0 0 -8.65124e-007 1 0 1 8.65124e-007 0.174588 0.0200699
1.167 -0.5 1.93579 -1 0 0 0 0 1 0 1 0 0.208822 0.0200699
1.167 0.438327 1.93579 -1 0 0 0 -8.65124e-007 1 0 1 8.65124e-007 0.208822 0.0937815
1.167 -0.5 1.93579 0 -1 0 1 0 0 0 0 1 0.128409 0.141965
1.5 0.915075 1.5 0.520544 0.641376 0.563623 0.845467 -0.294994 -0.445156 -0.119247 0.708248 -0.695819 0.537883 0.18458
1.167 0.915075 1.5 0.194209 0.584481 0.787823 0.98096 -0.115715 -0.155972 7.45058e-009 0.803114 -0.595826 0.497458 0.18458
1.167 0.438327 1.93579 0.19421 0.584481 0.787822 0.975501 -0.0304581 -0.217878 -0.10335 0.810835 -0.576077 0.497458 0.126705
1.5 0.915075 -1.07119 6.53827e-008 0 1 1 0.000556148 -6.53827e-008 -0.000556148 1 3.63625e-011 0.909752 0.184481
1.5 -0.5 -1.07119 6.53827e-008 0 1 0.99941 0.0343538 -6.53441e-008 -0.0343538 0.99941 2.24615e-009 0.910216 0.0152486
1.93579 -0.5 -1.07119 6.53827e-008 0 1 0.997678 0.0681123 -6.52309e-008 -0.0681123 0.997678 4.45336e-009 0.951426 0.011575
1.93579 0.438327 -1.07119 6.53827e-008 0 1 0.99941 0.0343538 -6.53441e-008 -0.0343538 0.99941 2.24615e-009 0.938841 0.127437
1.71789 -0.5 -1.71789 0 -1 0 1 0 -5.38259e-007 5.38259e-007 0 1 0.147614 0.0145963
1.93579 -0.5 -1.07119 0 -1 0 1 0 0 0 0 1 0.155209 0.0371407
1.5 0.915075 -1.5 0.580247 0.647302 -0.49428 -0.398868 -0.303276 -0.865406 -0.710083 0.699302 0.0822133 0.9616 0.186633
1.5 0.915075 -1.07119 0.7964 0.582851 -0.161345 -0.0962069 -0.14129 -0.985282 -0.597069 0.800201 -0.0564491 0.909752 0.184481
1.93579 0.438327 -1.07119 0.7964 0.582851 -0.161345 -0.170339 -0.0398028 -0.984581 -0.580286 0.811604 0.0675833 0.938841 0.127437
1.71789 0.438327 -1.71789 0.57713 0.647438 -0.497739 -0.508885 -0.191574 -0.839247 -0.638715 0.737647 0.218908 1.00343 0.127172
1.167 -0.5 -1.5 -1 0 0 0 8.07449e-007 1 0 1 -8.07449e-007 0.249998 0.0247131
1.167 0.915075 -1.5 -1 0 0 0 1.6149e-006 1 0 1 -1.6149e-006 0.249998 0.135876
1.167 0.438327 -1.93579 -1 0 0 0 8.07449e-007 1 0 1 -8.07449e-007 0.215764 0.0984247
1.167 -0.5 -1.93579 -1 0 0 0 0 1 0 1 0 0.215764 0.0247131
1.167 0.915075 -1.5 0.194209 0.584481 -0.787822 -0.98096 0.115715 -0.155972 0 0.803114 0.595826 0.229986 0.710006
1.5 0.915075 -1.5 0.580247 0.647302 -0.49428 -0.804142 0.359129 -0.47369 -0.12911 0.672329 0.728906 0.203826 0.710006
1.71789 0.438327 -1.71789 0.57713 0.647438 -0.497739 -0.775958 0.244751 -0.581365 -0.254576 0.721748 0.643639 0.186709 0.672554
1.167 0.438327 -1.93579 0.194209 0.584481 -0.787822 -0.974907 0.0259229 -0.221096 -0.108804 0.810993 0.57485 0.229985 0.672554
1.167 -0.5 -1.93579 0 -1 0 1 0 -5.38259e-007 5.38259e-007 0 1 0.128409 0.00700039
0.850417 4.03995 1.5 0 1 0 -1 0 0 0 0 1 0.0468191 0.923507
1.167 4.03995 1.5 0 1 0 -1 0 0 0 0 1 0.0219496 0.923507
1.167 4.03995 1.20911 0 1 0 -1 0 0 0 0 1 0.0219496 0.900655
0.850417 4.03995 1.20911 0 1 0 -1 0 0 0 0 1 0.0468191 0.900655
1.167 3.52688 1.20911 0 0 -1 0 -1 0 -1 -0 -0 0.0752931 0.311976
0.850417 3.52688 1.20911 0 0 -1 0 -1 0 -1 -0 -0 0.0752931 0.336846
0.850417 4.03995 1.20911 0 0 -1 0 -1 0 -1 -0 -0 0.034988 0.336846
1.167 4.03995 1.20911 0 0 -1 0 -1 0 -1 -0 -0 0.034988 0.311976
0.850417 3.52688 1.04683 0 1 3.5341e-014 0 3.2151e-014 -1 -1 0 0 0.222181 0.403399
0.850417 3.52688 1.20911 0 1 2.38213e-006 0 2.38213e-006 -1 -1 0 0 0.209434 0.403399
1.167 3.52688 1.20911 0 1 1.30529e-006 0 1.30529e-006 -1 -1 0 0 0.209434 0.378529
1.167 3.52688 1.04683 0 1 -2.42064e-014 0 0 -1 -1 0 0 0.222181 0.378529
0.850417 3.52688 -0.237008 9.25994e-015 1 -1.03571e-007 -6.9013e-009 -1.03571e-007 -1 -1 9.97472e-015 6.9013e-009 0.323035 0.403399
0.850417 3.52688 0.0741157 8.83832e-015 1 2.96565e-007 2.39473e-007 2.96565e-007 -1 -1 7.98577e-014 -2.39473e-007 0.298595 0.403399
1.167 3.52688 0.0741156 1.61432e-014 1 2.70839e-007 2.87368e-007 2.70839e-007 -1 -1 9.39737e-014 -2.87368e-007 0.298595 0.378529
1.167 3.52688 -0.237008 1.69133e-014 1 -2.83759e-007 1.77776e-007 -2.83759e-007 -1 -1 -3.35322e-014 -1.77776e-007 0.323035 0.378529
0.850417 4.03995 -1.07119 0 0 1 0 1 0 -1 0 0 0.173986 0.879315
0.850417 3.52688 -1.07119 0 0 1 0 1 0 -1 0 0 0.133681 0.879315
1.167 3.52688 -1.07119 0 0 1 0 1 0 -1 0 0 0.133681 0.854446
1.167 4.03995 -1.07119 0 0 1 0 1 0 -1 0 0 0.173986 0.854446
0.850417 4.22649 -1.5 0 1 0 -1.76941e-006 0 -1 -1 0 1.76941e-006 0.162797 0.713181
0.850417 4.22649 -1.07119 0 1 0 -1.76941e-006 0 -1 -1 0 1.76941e-006 0.129111 0.713181
1.167 4.22649 -1.07119 0 1 0 -1.76941e-006 0 -1 -1 0 1.76941e-006 0.129111 0.688312
1.167 4.22649 -1.5 0 1 0 -1.76941e-006 0 -1 -1 0 1.76941e-006 0.162797 0.688312
0.850417 2.8119 -1.5 0 0 -1 -1 -2.9754e-006 0 -2.9754e-006 1 0 0.254855 0.859013
0.850417 4.03995 -1.5 0 0 -1 -1 -1.50973e-006 0 -1.50973e-006 1 0 0.254855 0.955485
0.850417 1.50977 -1.5 0 0 -1 -1 -1.74435e-006 0 -1.74435e-006 1 0 0.254855 0.756722
0.850417 0.915075 -1.5 0 0 -1 -1 -8.5638e-007 0 -8.5638e-007 1 0 0.254855 0.710006
0.850417 -0.5 -1.5 0 0 -1 -1 -1.65865e-006 0 -1.65865e-006 1 0 0.254855 0.598843
1.167 -0.5 -1.5 0 0 -1 -1 -2.39671e-006 0 -2.39671e-006 1 0 0.229986 0.598843
0.850417 -0.5 -1.07119 0 -1 0 1 0 0 0 0 1 0.117373 0.0371407
0.850417 -0.5 -1.5 0 -1 0 1 0 0 0 0 1 0.117373 0.0221921
0.850417 -0.5 0.0741157 0 -1 0 1 0 2.19128e-008 -2.19128e-008 0 1 0.117373 0.0770664
0.850417 -0.5 -0.237008 0 -1 0 1 0 3.21277e-008 -3.21277e-008 0 1 0.117373 0.0662205
0.850417 -0.5 1.20911 0 -1 0 1 0 0 0 0 1 0.117373 0.116633
0.850417 -0.5 1.04683 0 -1 0 1 0 0 0 0 1 0.117373 0.110976
0.850417 -0.5 1.5 0 -1 0 1 0 0 0 0 1 0.117373 0.126773
0.850417 0.915075 1.5 0 0 1 1 -6.32501e-008 0 6.32501e-008 1 0 0.902476 0.711195
0.850417 -0.5 1.5 0 0 1 1 0 0 0 1 0 0.902476 0.600032
1.167 -0.5 1.5 0 0 1 1 0 0 0 1 0 0.927346 0.600032
0.850417 1.50977 1.5 0 0 1 1 -3.61952e-008 0 3.61952e-008 1 0 0.902476 0.757912
0.850417 2.8119 1.5 0 0 1 1 0 0 0 1 0 0.902476 0.860202
0.850417 4.03995 1.5 0 0 1 1 0 0 0 1 0 0.902476 0.956674
0.299642 4.22649 1.5 0 1 0 0 0 -1 -1 0 0 0.158465 0.345217
0.850417 4.22649 1.5 0 1 0 0 0 -1 -1 0 0 0.158465 0.30195
0.850417 4.22649 1.20911 0 1 0 0 0 -1 -1 0 0 0.181317 0.30195
0.299642 4.22649 1.20911 0 1 0 0 0 -1 -1 0 0 0.181317 0.345217
0.299642 4.03995 -1.5 0 1 0 0 0 -1 -1 0 0 0.22068 0.345217
0.299642 4.03995 -1.07119 0 1 0 0 0 -1 -1 0 0 0.186994 0.345217
0.850417 4.03995 -1.07119 0 1 0 0 0 -1 -1 0 0 0.186994 0.30195
0.850417 4.03995 -1.5 0 1 0 0 0 -1 -1 0 0 0.22068 0.30195
-0.478899 4.22649 1.5 0 1 0 -1 0 -1.96369e-006 -1.96369e-006 0 1 0.143574 0.505588
-0.0925113 4.22649 1.5 0 1 0 -1 0 -1.96369e-006 -1.96369e-006 0 1 0.113221 0.505588
-0.0925113 4.22649 1.20911 0 1 0 -1 0 -1.96369e-006 -1.96369e-006 0 1 0.113221 0.482736
-0.478899 4.22649 1.20911 0 1 0 -1 0 -1.96369e-006 -1.96369e-006 0 1 0.143574 0.482736
-0.478899 3.52688 1.20911 0 0 -1 0 -1 0 -1 -0 -0 0.0752931 0.441272
-0.478899 4.03995 1.20911 0 0 -1 0 -1 0 -1 -0 -0 0.034988 0.441272
-0.478899 3.52688 1.04683 2.22285e-007 1 3.81052e-014 -1.92138e-013 2.42125e-014 -1 -1 2.22285e-007 1.92138e-013 0.222181 0.507825
-0.478899 3.52688 1.20911 2.22285e-007 1 2.05476e-006 1.30146e-013 2.05476e-006 -1 -1 2.22285e-007 3.26595e-013 0.209434 0.507825
-0.478899 4.03995 0.0741157 -3.5202e-008 0 1 0.999855 -0.017019 3.51969e-008 0.017019 0.999855 5.99102e-010 0.44891 0.30767
-0.478899 3.52688 0.0741157 -3.04624e-008 0 1 0.999699 -0.0245206 3.04533e-008 0.0245206 0.999699 7.46957e-010 0.44891 0.264541
-0.0925113 3.52688 0.0741157 -2.11403e-008 0 1 0.999018 -0.0443136 2.11195e-008 0.0443136 0.999018 9.36802e-010 0.484584 0.265966
-0.0925113 4.03995 0.0741157 -3.25726e-008 0 1 0.999415 -0.0341959 3.25536e-008 0.0341959 0.999415 1.11385e-009 0.483519 0.30862
-0.478899 4.85885 0.0741157 -3.81715e-008 0 1 0.999893 -0.0146119 3.81675e-008 0.0146119 0.999893 5.5776e-010 0.44891 0.376507
-0.0925113 4.85885 0.0741157 -3.97354e-008 0 1 0.999336 -0.036432 3.9709e-008 0.036432 0.999336 1.44764e-009 0.484584 0.377932
-0.478899 4.85885 -0.237008 0 1 0 1 0 5.5066e-008 5.5066e-008 0 -1 0.537765 0.466592
-0.478899 4.85885 0.0741157 0 1 0 1 0 6.6669e-008 6.6669e-008 0 -1 0.537765 0.426957
-0.0925113 4.85885 0.0741157 0 1 0 1 0 0 0 0 -1 0.586988 0.426957
-0.0925113 4.85885 -0.237008 0 1 0 1 0 8.20283e-008 8.20283e-008 0 -1 0.586988 0.466592
-0.0925113 4.03995 -1.07119 0 0 -1 0 -1 0 -1 -0 -0 0.44565 0.493891
-0.478899 4.03995 -1.07119 0 0 -1 0 -1 0 -1 -0 -0 0.44565 0.524245
-0.478899 4.85885 -1.07119 0 0 -1 0 -1 0 -1 -0 -0 0.38132 0.524245
-0.0925113 4.85885 -1.07119 0 0 -1 0 -1 0 -1 -0 -0 0.38132 0.493891
-0.478899 4.03995 -1.5 0 1 0 1 0 0 0 0 -1 0.167213 0.465413
-0.478899 4.03995 -1.07119 0 1 0 1 0 0 0 0 -1 0.167213 0.431727
-0.0925113 4.03995 -1.07119 0 1 0 1 0 0 0 0 -1 0.197567 0.431727
-0.0925113 4.03995 -1.5 0 1 0 1 0 0 0 0 -1 0.197567 0.465413
-0.478899 2.8119 -1.5 0 0 -1 -1 -5.21201e-009 0 -5.21201e-009 1 0 0.359281 0.859013
-0.478899 4.03995 -1.5 0 0 -1 -1 -1.30913e-006 0 -1.30913e-006 1 0 0.359281 0.955485
-0.478899 1.50977 -1.5 0 0 -1 -1 5.41098e-007 0 5.41098e-007 1 0 0.359281 0.756723
-0.478899 0.915075 -1.5 0 0 -1 -1 -1.33225e-006 0 -1.33225e-006 1 0 0.359281 0.710006
-0.478899 -0.5 -1.5 0 0 -1 -1 -2.65287e-008 0 -2.65287e-008 1 0 0.359281 0.598843
-0.478899 -0.5 -1.07119 0 -1 0 1 0 0 0 0 1 0.0710326 0.0371407
-0.478899 -0.5 -1.5 0 -1 0 1 0 0 0 0 1 0.0710326 0.0221921
-0.478899 -0.5 0.0741157 0 -1 0 1 0 -2.78287e-008 2.78287e-008 0 1 0.0710326 0.0770664
-0.478899 -0.5 -0.237008 0 -1 0 1 0 -4.23279e-008 4.23279e-008 0 1 0.0710326 0.0662205
-0.478899 -0.5 1.20911 0 -1 0 1 0 0 0 0 1 0.0710326 0.116633
-0.478899 -0.5 1.04683 0 -1 0 1 0 0 0 0 1 0.0710326 0.110976
-0.478899 -0.5 1.5 0 -1 0 1 0 0 0 0 1 0.0710326 0.126773
-0.478899 0.915075 1.5 0 0 1 1 8.33314e-008 0 -8.33314e-008 1 0 0.79805 0.711195
-0.478899 -0.5 1.5 0 0 1 1 0 0 0 1 0 0.79805 0.600032
-0.478899 1.50977 1.5 0 0 1 1 4.76868e-008 0 -4.76868e-008 1 0 0.79805 0.757912
-0.478899 2.8119 1.5 0 0 1 1 0 0 0 1 0 0.79805 0.860202
-0.478899 4.03995 1.5 0 0 1 1 0 0 0 1 0 0.79805 0.956674
-0.896948 4.03995 1.5 0 1 0 -1 0 -5.44491e-006 -5.44491e-006 0 1 0.164888 0.595767
-0.478899 4.03995 1.5 0 1 0 -1 0 -3.62995e-006 -3.62995e-006 0 1 0.132048 0.595767
-0.478899 4.03995 1.20911 0 1 0 -1 0 -1.81498e-006 -1.81498e-006 0 1 0.132048 0.572916
-0.896948 4.03995 1.20911 0 1 0 -1 0 -3.62995e-006 -3.62995e-006 0 1 0.164888 0.572916
-0.896948 -0.5 -1.5 0 0 -1 -1 0 0 0 1 0 0.392121 0.598843
-0.896948 -0.5 1.5 0 0 1 1 1.06934e-007 0 -1.06934e-007 1 0 0.76521 0.600032
-0.0925113 3.52688 0.545046 0 1 -1.7709e-007 0 -1.7709e-007 -1 -1 0 0 0.2616 0.477472
0.299642 3.52688 0.545046 -9.78264e-008 1 -3.65541e-007 1.25191e-014 -3.65541e-007 -1 -1 -9.78264e-008 2.32405e-014 0.2616 0.446666
