1
pCubeShape1
144
360
-1.03353 1.50126 3.32116 0.320861 0.0840432 0.94339 0.074674 -0.995199 0.063261 0.944178 0.0501487 -0.325596 0.803987 0.484971
2.17734 0.389673 2.17734 0.443182 0.109767 0.889686 -0.168113 -0.964689 0.202763 0.880527 -0.239429 -0.409079 0.882432 0.821727
1.39597 1.86583 2.17734 0.37667 0.426513 0.822318 -0.787869 -0.319389 0.526548 0.487218 -0.846214 0.215732 0.77932 0.676733
0.214865 1.86583 2.1007 0.318553 0.466352 0.825251 -0.504519 -0.653631 0.564117 0.802487 -0.596056 0.0270678 0.778259 0.650249
-1.5 2.5 1.5 -0.0618902 0.774507 0.629531 -0.141525 -0.631177 0.762618 0.987998 -0.041896 0.148676 0.733505 0.509448
1.5 2.5 1.5 0.180056 0.732502 0.656522 -0.18536 -0.630206 0.753977 0.966034 -0.257451 0.0223047 0.733505 0.676733
1.5 2.95095 0.913808 0.420198 0.89432 0.153705 0.21503 -0.262693 0.940614 0.881587 -0.362193 -0.302689 0.702191 0.676733
-1.5 2.97133 0.913808 -0.0966318 0.948406 0.301974 0.102702 -0.292273 0.950804 0.990007 0.122891 -0.0691606 0.697785 0.509448
-0.370013 1.86583 -2.7085 0.245147 0.534404 -0.808897 0.138639 0.806458 0.574809 0.959522 -0.253057 0.123611 0.439699 0.509448
1.86765 1.86583 -1.96795 0.337252 0.552557 -0.762196 -0.556672 0.769967 0.311878 0.759195 0.319112 0.567265 0.492873 0.821727
2.17734 1.50126 -2.17734 0.414305 0.128303 -0.901049 0.520887 0.778418 0.350347 0.746343 -0.614495 0.255671 0.479328 0.821727
-1.03353 1.50126 -3.08805 0.303024 0.0817779 -0.949468 0.839682 0.448257 0.306594 0.450679 -0.890156 0.0671653 0.412914 0.509448
-1.5 -0.5 0.913808 0 -1 0 1 0 -4.32303e-008 4.32303e-008 0 1 0.044211 0.391466
1.5 -0.5 0.913808 0 -1 0 1 0 -1.28896e-007 1.28896e-007 0 1 0.126616 0.391466
1.5 -0.5 1.5 0 -1 0 1 0 3.89518e-007 -3.89518e-007 0 1 0.126616 0.407568
-1.5 -0.5 1.5 0 -1 0 1 0 -4.36152e-007 4.36152e-007 0 1 0.044211 0.407568
3.87875 0.506007 0.832852 1 0 0 0 0.105618 0.994407 0 -0.994407 0.105618 0.862833 0.923023
3.87875 0.506007 0.507378 1 0 0 0 0.0923083 0.99573 0 -0.99573 0.0923083 0.677196 0.91769
3.87875 0.689271 0.507378 1 0 0 0 0.10063 0.994924 0 -0.994924 0.10063 0.677196 0.904757
3.87875 0.689271 0.832852 1 0 0 0 0.208146 0.978098 0 -0.978098 0.208146 0.860395 0.909451
-2.12717 2.03771 0.913808 -0.999981 -0.000632875 0.00606626 0.00606626 2.0013e-006 0.999982 -0.000632876 1 1.83793e-006 0.650662 0.338177
-2.11736 2.03771 2.41134 -0.985626 -0.00869034 0.168721 0.168723 0.00054526 0.985663 -0.00865774 0.999962 0.000928837 0.841638 0.338177
-2.12717 2.23915 1.5 -0.999956 -0.00887329 0.00304943 0.00304957 -2.38652e-006 0.999995 -0.00887325 0.999961 2.94462e-005 0.725417 0.363867
-2.12717 2.6282 0.913808 -0.999998 -0.00184707 0.000634789 0.000634788 1.14062e-006 1 -0.00184707 0.999998 3.18852e-008 0.650662 0.413481
2.17734 -0.5 2.17734 0 -1 0 1 0 2.48355e-007 -2.48355e-007 0 1 0.145221 0.426173
-1.03353 -0.5 3.32116 0 -1 0 1 0 -2.779e-007 2.779e-007 0 1 0.0570242 0.457592
0.214865 1.86583 2.1007 -0.0130634 0.701452 0.712597 -0.416472 -0.651717 0.633889 0.909055 -0.288496 0.300649 0.778259 0.650249
1.39597 1.86583 2.17734 0.114882 0.700049 0.704793 -0.114093 -0.695497 0.709413 0.986805 -0.161911 -2.94372e-005 0.77932 0.676733
-1.5 2.5 1.5 0.149 0.882611 0.445867 -0.679381 -0.236255 0.694712 0.718499 -0.406426 0.564427 0.883626 0.350141
-1.5 2.03771 2.33353 0.149 0.882611 0.445867 -0.687081 -0.231863 0.688592 0.711139 -0.408947 0.571878 0.92522 0.391735
-1.03353 1.50126 3.32116 0.149 0.882611 0.445867 -0.694702 -0.227444 0.682392 0.703696 -0.411421 0.579262 0.951226 0.464296
0.214865 1.86583 2.1007 0.149 0.882611 0.445867 -0.687081 -0.231863 0.688592 0.711139 -0.408947 0.571878 0.828028 0.46569
-1.78045 2.5 -2.38037 0.0276638 0.820799 -0.570548 -0.573512 0.480515 0.663468 0.81873 0.308861 0.48403 0.462855 0.509448
1.5 2.5 -1.5 0.27472 0.788116 -0.55082 -0.329347 0.615336 0.716165 0.90336 -0.0153343 0.428609 0.526592 0.676733
1.86765 1.86583 -1.96795 0.31428 0.746594 -0.586366 0.548628 0.361236 0.753999 0.774748 -0.558664 -0.296074 0.492873 0.821727
-0.370013 1.86583 -2.7085 0.199557 0.706155 -0.679355 -0.262967 0.706461 0.657085 0.943941 0.0475223 0.326675 0.439699 0.509448
1.5 -0.5 -1.5 0 -1 3.94687e-008 1 -2.95451e-015 -7.48571e-008 7.48571e-008 3.94687e-008 1 0.126616 0.325164
-1.5 -0.5 -2.65245 0 -1 4.27896e-008 1 4.36268e-015 1.01957e-007 -1.01957e-007 4.27896e-008 1 0.044211 0.293508
-1.03353 -0.5 -3.32116 0 -1 9.76528e-008 1 1.9596e-014 2.0067e-007 -2.0067e-007 9.76528e-008 1 0.0570242 0.275139
2.17734 -0.5 -2.17734 0 -1 6.835e-008 1 1.04168e-014 1.52403e-007 -1.52403e-007 6.835e-008 1 0.145221 0.306558
-1.78045 2.03771 -2.38037 -0.512892 0.26268 -0.817277 -0.13963 -0.964883 -0.222496 -0.847021 -7.45058e-009 0.531559 0.262833 0.543812
-1.78045 2.5 -2.38037 -0.137427 0.50218 -0.853774 -0.029912 -0.863663 -0.503181 -0.99006 -0.0436126 0.133712 0.230208 0.543812
-0.370013 1.86583 -2.7085 -0.137427 0.50218 -0.853774 0.0200577 -0.860364 -0.509285 -0.990309 -0.0871142 0.108165 0.274963 0.444277
-1.03353 1.50126 -3.08805 -0.646906 0.140025 -0.749604 0.0816286 -0.964634 -0.250637 -0.758188 -0.223328 0.612597 0.30069 0.491102
2.17734 -0.5 1.32645 0 -1 0 1 0 -1.32825e-007 1.32825e-007 0 1 0.145221 0.402801
2.17734 1.86583 1.32645 0.735336 0.677609 0.0112803 0.22306 -0.257714 0.940121 0.639942 -0.688789 -0.340654 0.774314 0.821727
3.87875 -0.5 0.507378 0 -1 0 1 0 -2.57243e-007 2.57243e-007 0 1 0.191956 0.380302
3.87875 -0.5 0.832852 0 -1 0 1 0 -1.09613e-006 1.09613e-006 0 1 0.191956 0.389243
3.87875 0.689271 -0.832852 0.660822 0.56319 -0.496115 0.0944797 0.59333 0.799395 0.744572 -0.575131 0.338876 0.582615 0.904757
3.87875 0.506007 -0.832852 0.636735 0.0614915 -0.768627 0.764709 0.077545 0.639693 0.0989389 -0.995091 0.0023525 0.582615 0.91769
2.17734 1.86583 1.32645 0.592255 0.79005 0.158286 0.175443 -0.318177 0.931656 0.786418 -0.524008 -0.327051 0.774314 0.821727
1.39597 1.86583 2.17734 0.597178 0.697163 0.396663 0.750407 -0.660262 0.0307146 0.283314 0.279316 -0.91745 0.77932 0.676733
3.87875 0.689271 0.832852 0.597178 0.697163 0.396663 0.220887 -0.61834 0.754231 0.771095 -0.362793 -0.523253 0.860395 0.909451
3.87875 0.689271 0.507378 0.580079 0.812052 0.0638698 -0.119297 0.00713 0.992833 0.805777 -0.583541 0.101012 0.677196 0.904757
3.87875 0.506007 0.832852 0.599292 0.136523 0.788803 0.117476 -0.989681 0.0820379 0.791864 0.0435005 -0.609146 0.874222 0.908812
3.87875 0.689271 0.832852 0.56799 0.267452 0.778368 -0.197867 -0.873618 0.444568 0.798897 -0.406524 -0.443286 0.860395 0.909451
-2.12717 2.03771 -1.5 -0.98995 0.0477219 -0.133119 -0.133281 -0.000220899 0.991078 0.0472667 0.998861 0.00657911 0.342835 0.338177
-2.12717 2.03771 -0.590256 -0.994226 0.0362105 -0.101008 -0.100941 0.00367624 0.994886 0.0363966 0.999337 1.03842e-007 0.458853 0.338177
-2.12717 2.61893 -0.235552 -1 1.97295e-007 -2.87017e-008 -2.87017e-008 -5.80844e-008 1 1.97295e-007 1 5.80845e-008 0.504087 0.412299
-2.12717 2.5 -1.5 -1 0 9.33531e-008 9.33531e-008 -2.13476e-007 1 1.99286e-014 1 2.13476e-007 0.342835 0.397132
1.5 -0.5 -0.89426 0 -1 0 1 0 -2.23622e-007 2.23622e-007 0 1 0.126616 0.341802
-1.5 -0.5 -0.89426 0 -1 0 1 0 2.91843e-008 -2.91843e-008 0 1 0.044211 0.341802
2.17734 -0.5 -1.29807 0 -1 0 1 0 -1.75465e-007 1.75465e-007 0 1 0.145221 0.33071
3.87875 -0.5 -0.496524 0 -1 0 1 0 -4.35391e-008 4.35391e-008 0 1 0.191956 0.352727
3.87875 -0.5 -0.832852 0 -1 0 1 0 -1.82161e-008 1.82161e-008 0 1 0.191956 0.343489
3.87875 0.689271 -0.496524 1 0 0 0 2.77959e-007 1 0 -1 2.77959e-007 0.60635 0.904757
3.87875 0.506007 -0.496524 1 0 0 0 2.79201e-007 1 0 -1 2.79201e-007 0.60635 0.91769
3.87875 0.506007 -0.832852 1 0 0 0 0 1 0 -1 0 0.582615 0.91769
3.87875 0.689271 -0.832852 1 0 0 0 0 1 0 -1 0 0.582615 0.904757
1.86765 1.86583 -1.96795 0.59248 0.784675 -0.182355 0.371686 -0.0654362 0.92605 0.714715 -0.616444 -0.330422 0.492873 0.821727
2.17734 1.86583 -1.29807 0.579005 0.813007 -0.0614241 0.107198 -0.00122728 0.994237 0.808246 -0.582253 -0.0878629 0.549785 0.821727
3.87875 0.689271 -0.496524 0.573354 0.8189 -0.0258535 0.0148282 0.0211785 0.999666 0.819173 -0.573546 0 0.60635 0.904757
3.87875 0.689271 -0.832852 0.59248 0.784675 -0.182355 0.244364 0.040642 0.968831 0.767629 -0.618574 -0.167667 0.582615 0.904757
0.578367 3.20748 -0.89426 0.231429 0.954833 -0.186373 -0.0829509 0.210243 0.974124 0.969309 -0.20998 0.127861 0.568137 0.676733
2.17734 1.86583 -1.29807 0.719996 0.686113 -0.104187 0.036028 0.112972 0.992945 0.693042 -0.71867 0.0566202 0.549785 0.821727
-1.5 3.30517 -0.89426 -0.0800388 0.981526 -0.173781 0.0838251 0.18035 0.980024 0.993261 0.0638728 -0.0967116 0.567731 0.509448
-1.5 -0.5 -0.89426 -0.994878 -0.101086 -2.75487e-009 -1.58735e-008 1.28972e-007 1 -0.101086 0.994878 -1.29916e-007 0.420084 0.0145498
-1.5 -0.5 0.913808 -0.994878 -0.101086 -2.75487e-009 -6.19588e-009 3.37264e-008 1 -0.101086 0.994878 -3.418e-008 0.650662 0.0145498
-1.68909 1.361 0.913808 -0.994878 -0.101086 -2.75487e-009 3.4817e-009 -6.15191e-008 1 -0.101086 0.994878 6.15559e-008 0.650662 0.251879
-1.68909 1.361 -0.531202 -0.994878 -0.101086 -2.75487e-009 -6.19588e-009 3.37264e-008 1 -0.101086 0.994878 -3.418e-008 0.466383 0.251879
-2.12717 -0.5 1.23965 -0.999967 0.000136219 0.00807482 0.00807482 -3.72189e-007 0.999967 0.000136217 1 -7.27764e-007 0.692216 0.0145498
-2.11736 -0.5 2.17105 -0.984268 -0.00903038 0.176449 0.176462 -0.000709211 0.984307 -0.00876353 0.999959 0.00229157 0.810994 0.0145498
-1.64108 1.50126 3.47678 -0.929267 -0.0195287 0.368892 0.368962 2.64358e-005 0.929445 -0.0181606 0.999809 0.00718078 0.977511 0.269765
-1.64108 -0.5 3.47678 -0.929267 -0.0195287 0.368892 0.368952 0.000549091 0.929448 -0.0183535 0.999809 0.00669491 0.977511 0.0145498
-1.03353 -0.5 3.32116 0.318038 0 0.948078 0 -1 0 0.948078 0 -0.318038 0.945217 0.484971
2.17734 -0.5 2.17734 0.423985 0 0.905669 0 -1 0 0.905669 0 -0.423985 0.945217 0.821727
3.87875 -0.5 0.832852 0.620007 0 0.784596 0 -1 0 0.784596 0 -0.620007 0.945217 0.908812
3.87875 -0.5 0.832852 1 0 0 0 -0.129742 0.991548 0 -0.991548 -0.129742 0.866833 0.986018
3.87875 -0.5 0.507378 1 0 0 0 0.0325011 0.999472 0 -0.999472 0.0325011 0.677196 0.988684
3.87875 -0.5 -0.496524 1 0 0 0 2.80442e-007 1 0 -1 2.80442e-007 0.60635 0.988684
3.87875 -0.5 -0.832852 1 0 0 0 0 1 0 -1 0 0.582615 0.988684
2.17734 -0.5 -2.17734 0.412982 0.0379062 -0.90995 0.908916 0.0460374 0.414431 0.0576012 -0.99822 -0.0154409 0.487734 0.988684
3.87875 -0.5 -0.832852 0.620007 0 -0.784596 0.784596 0 0.620007 0 -1 0 0.582615 0.988684
-1.03353 1.50126 -3.08805 0.303024 0.0817779 -0.949468 0.00809406 -0.996496 -0.0832452 -0.952949 0.0175403 -0.302624 0.0523746 0.731445
2.17734 1.50126 -2.17734 0.414305 0.128303 -0.901049 0.0535996 -0.991735 -0.116571 -0.908558 0 -0.417758 0.0523746 0.504852
2.17734 -0.5 -2.17734 0.412982 0.0379062 -0.90995 -0.00616632 -0.998994 -0.0444142 -0.910718 0.0239533 -0.412333 0.193605 0.504852
-1.03353 -0.5 -3.32116 0.304249 0.0553875 -0.950981 -0.0167638 -0.997842 -0.0634801 -0.952445 0.0352559 -0.302665 0.193605 0.731445
-1.5 -0.5 -2.65245 -0.744335 0.0282717 -0.667207 -0.667462 0.000558596 0.744643 0.021425 0.9996 0.0184545 0.195866 0.0145498
-1.78045 2.03771 -2.38037 -0.512892 0.26268 -0.817277 -0.838552 0.0505055 0.542476 0.183775 0.96356 0.194367 0.230564 0.338177
-1.03353 1.50126 -3.08805 -0.646906 0.140025 -0.749604 -0.754971 0.02082 0.655427 0.107383 0.989929 0.092246 0.140316 0.269765
-1.03353 -0.5 -3.32116 -0.744335 0.0282717 -0.667207 -0.667397 0.00345632 0.744694 0.0233598 0.999594 0.0162958 0.110587 0.0145498
-2.12717 -0.5 -1.5 -0.983455 0.0611328 -0.170528 -0.171721 -0.0147779 0.985035 0.0576979 0.99802 0.0250312 0.342835 0.0145498
-2.38995 -0.5 -0.89426 -0.983455 0.0611328 -0.170528 -0.170974 -0.00209918 0.985273 0.0598746 0.998127 0.0125166 0.420084 0.0145498
-1.5 2.03771 2.33353 -0.170995 0.920575 0.351144 -0.657565 -0.372035 0.655132 0.733736 -0.118876 0.668954 0.92522 0.391735
-1.5 2.5 1.5 -0.170995 0.920575 0.351144 -0.635097 -0.375457 0.675044 0.753268 -0.107582 0.648856 0.883626 0.350141
-2.12717 2.23915 1.5 -0.170995 0.920575 0.351144 -0.657565 -0.372035 0.655132 0.733736 -0.118876 0.668954 0.914922 0.318845
-2.11736 2.03771 2.41134 -0.170995 0.920575 0.351144 -0.679433 -0.368274 0.634622 0.713534 -0.130062 0.688442 0.959909 0.364811
-2.12717 2.6282 0.913808 -0.541551 0.803584 0.246931 -0.15523 -0.384268 0.910078 0.826212 0.454523 0.332841 0.724458 0.484971
-2.12717 2.23915 1.5 -0.361884 0.751556 0.551547 0.0159198 -0.586578 0.809736 0.932087 0.301811 0.200309 0.751913 0.484971
-1.5 3.30517 -0.89426 -0.0800388 0.981526 -0.173781 -0.0975194 0.165793 0.981327 0.99201 0.0954912 0.082448 0.420084 0.499813
-1.78045 2.5 -2.38037 0.0276638 0.820799 -0.570548 -0.417911 0.527988 0.739309 0.908067 0.217986 0.357627 0.230564 0.397132
-2.12717 2.5 -1.5 -0.720038 0.67665 -0.153918 -0.21643 -0.00823658 0.976263 0.659321 0.736259 0.152378 0.342835 0.397132
-2.12717 2.61893 -0.235552 -0.646775 0.762602 0.0110136 0.0283157 0.00957923 0.999553 0.762155 0.646797 -0.0277892 0.504087 0.412299
-1.78045 2.5 -2.38037 -0.930442 0 -0.366439 -0.366439 0 0.930442 0 1 0 0.230564 0.397132
-1.78045 2.03771 -2.38037 -0.905372 -0.0233853 -0.423975 -0.424075 -0.000748547 0.905627 -0.0214958 0.999726 -0.00923943 0.230564 0.338177
-2.12717 2.03771 -1.5 -0.905664 -0.0231336 -0.423365 -0.423447 -0.0014381 0.90592 -0.021566 0.999731 -0.00849343 0.342835 0.338177
-2.12717 2.5 -1.5 -0.930442 0 -0.366439 -0.366439 0 0.930442 0 1 0 0.342835 0.397132
-1.68909 1.361 -0.531202 -0.839452 -0.543434 -8.46186e-008 -7.59913e-008 -3.83259e-008 1 -0.543434 0.839452 -9.12347e-009 0.466383 0.251879
-1.68909 1.361 0.913808 -0.839452 -0.543434 -8.46186e-008 -4.28077e-008 -8.95852e-008 1 -0.543434 0.839452 5.19393e-008 0.650662 0.251879
-2.12717 2.03771 0.913808 -0.839452 -0.543434 -8.46186e-008 -7.59913e-008 -3.83259e-008 1 -0.543434 0.839452 -9.12347e-009 0.650662 0.338177
-2.12717 2.03771 -0.590256 -0.839452 -0.543434 -8.46186e-008 -1.09175e-007 1.29334e-008 1 -0.543434 0.839452 -7.01863e-008 0.458853 0.338177
-1.5 2.97133 0.913808 -0.0966318 0.948406 0.301974 0.126872 -0.289182 0.94883 0.987201 0.129999 -0.092382 0.650662 0.45724
-2.12717 2.6282 0.913808 -0.541551 0.803584 0.246931 0.127506 -0.211819 0.968956 0.830942 0.556224 0.0122495 0.650662 0.413481
-2.11736 -0.5 2.17105 0 -1 0 1 0 -8.53752e-007 8.53752e-007 0 1 0.0272533 0.426
-2.12717 -0.5 1.23965 0 -1 0 1 0 -7.42318e-007 7.42318e-007 0 1 0.0269839 0.400417
-1.68909 1.361 0.913808 -0.33989 -0.084 -0.936706 0.940054 -0.000906475 -0.341024 0.0277969 -0.996465 0.0792727 0.0816538 0.836555
-1.5 -0.5 0.913808 -0.33989 -0.0840001 -0.936706 0.939654 0.0110348 -0.341949 0.0390602 -0.996405 0.0751803 0.0949981 0.967887
-2.12717 -0.5 1.23965 -0.33989 -0.084 -0.936706 0.940054 -0.000906477 -0.341024 0.0277969 -0.996465 0.0792727 0.0507386 0.967887
-2.12717 2.03771 0.913808 -0.33989 -0.084 -0.936706 0.94032 -0.0128477 -0.340049 0.0165297 -0.996383 0.0833537 0.0507386 0.7888
-1.03353 1.50126 3.32116 0.082259 0.898282 0.431651 -0.686754 -0.26278 0.677728 0.722221 -0.352187 0.595282 0.951226 0.464296
-1.5 2.03771 2.33353 0.082259 0.898282 0.431651 -0.681895 -0.265136 0.681705 0.72681 -0.350417 0.590724 0.92522 0.391735
-2.11736 2.03771 2.41134 0.082259 0.898282 0.431651 -0.677005 -0.26748 0.685652 0.731367 -0.348631 0.586139 0.959909 0.364811
-1.64108 1.50126 3.47678 0.082259 0.898282 0.431651 -0.681895 -0.265136 0.681705 0.72681 -0.350417 0.590724 0.989309 0.441745
-1.64108 -0.5 3.47678 0 -1 0 1 0 -1.17263e-007 1.17263e-007 0 1 0.0403359 0.461867
-1.64108 1.50126 3.47678 0.248131 0 0.968727 -0.10825 -0.993737 0.0277273 -0.962659 0.111745 0.246577 0.878856 0.538471
-1.64108 -0.5 3.47678 0.248131 0 0.968727 -0.05421 -0.998433 0.0138854 -0.967209 0.0559601 0.247742 0.945217 0.519274
-2.38995 -0.5 -0.89426 0 -1 0 1 0 0 0 0 1 0.0197657 0.341802
-2.12717 -0.5 -1.5 0 -1 0 1 0 9.22452e-008 -9.22452e-008 0 1 0.0269839 0.325164
-1.5 -0.5 -0.89426 -0.11854 -0.146936 0.982017 0.992949 -0.0175415 0.117235 -1.86265e-009 0.98899 0.14798 0.165045 0.7888
-1.68909 1.361 -0.531202 -0.11854 -0.146936 0.982017 0.992753 0.00213049 0.120154 -0.0197472 0.989144 0.145619 0.151701 0.920132
-2.12717 2.03771 -0.590256 -0.11854 -0.146936 0.982017 0.992164 0.0218016 0.123027 -0.0394866 0.988906 0.143201 0.120786 0.967887
-2.38995 -0.5 -0.89426 -0.11854 -0.146936 0.982017 0.992753 0.00213049 0.120154 -0.0197472 0.989144 0.145619 0.102241 0.7888
-1.5 -0.5 -2.65245 -0.901526 -0.0266614 -0.431904 -0.43209 0.00137704 0.901829 -0.0234493 0.999644 -0.0127616 0.195866 0.0145498
-2.12717 -0.5 -1.5 -0.901526 -0.0266614 -0.431904 -0.432051 -0.000267163 0.901849 -0.02416 0.999644 -0.0112782 0.342835 0.0145498
0 1 3
3 1 2
5 6 4
4 6 7
9 10 8
8 10 11
12 13 15
15 13 14
16 17 19
19 17 18
21 22 20
20 22 23
15 14 25
25 14 24
4 26 5
5 26 27
28 29 31
31 29 30
32 33 35
35 33 34
37 38 36
36 38 39
40 41 43
43 41 42
13 44 14
14 44 24
6 5 45
45 5 27
24 44 47
47 44 46
9 48 10
10 48 49
51 52 50
50 52 53
54 55 1
2 1 55
56 57 59
59 57 58
37 36 61
61 36 60
60 36 62
62 36 39
63 62 64
64 62 39
65 66 68
68 66 67
69 70 72
72 70 71
73 74 33
33 74 34
75 73 32
32 73 33
57 20 58
58 20 23
61 60 12
12 60 13
44 13 62
62 13 60
44 62 46
46 62 63
18 17 65
65 17 66
50 53 70
70 53 71
73 6 74
74 6 45
6 73 7
7 73 75
76 77 79
79 77 78
81 21 80
80 21 20
21 81 82
82 81 83
85 1 84
84 1 0
54 1 86
86 1 85
87 88 16
16 88 17
66 17 89
89 17 88
67 66 90
90 66 89
10 49 91
91 49 92
94 95 93
93 95 96
98 99 97
97 99 100
101 102 56
56 102 57
104 105 103
103 105 106
7 107 4
4 107 108
110 111 109
109 111 112
113 114 116
116 114 115
118 119 117
117 119 120
109 112 121
121 112 122
12 15 124
124 15 123
126 127 125
125 127 128
129 130 132
132 130 131
15 25 123
123 25 133
84 0 135
135 0 134
37 61 137
137 61 136
138 139 141
141 139 140
142 143 114
114 143 115
